0.00000 0.00061 0.05569 0.00000 0.46969
0.20408 0.00111 0.03109 0.20267 0.55989
0.40816 0.00195 0.07246 0.39692 0.55919
0.61224 0.00336 0.09702 0.57471 0.48936
0.81633 0.00564 0.17389 0.72863 0.63101
1.02041 0.00923 0.30288 0.85232 0.59115
1.22449 0.01474 0.24374 0.94063 0.40369
1.42857 0.02297 0.22240 0.98990 0.51659
1.63265 0.03492 0.19272 0.99809 0.54804
1.83673 0.05180 0.11959 0.96485 0.56174
2.04082 0.07496 0.28899 0.89156 0.63902
2.24490 0.10585 0.22896 0.78127 0.47902
2.44898 0.14582 0.19692 0.63855 0.61787
2.65306 0.19600 0.27584 0.46933 0.61476
2.85714 0.25704 0.22905 0.28063 0.57523
3.06122 0.32887 0.27719 0.08028 0.53170
3.26531 0.41054 0.29472 -0.12340 0.52310
3.46939 0.50001 0.46724 -0.32196 0.37376
3.67347 0.59415 0.27710 -0.50715 0.68875
3.87755 0.68884 0.32643 -0.67130 0.53343
4.08163 0.77917 0.28405 -0.80758 0.44475
4.28571 0.85989 0.43248 -0.91035 0.53052
4.48980 0.92588 0.50119 -0.97533 0.60220
4.69388 0.97266 0.45609 -0.99983 0.63737
4.89796 0.99692 0.48988 -0.98283 0.51189
5.10204 0.99692 0.48939 -0.92504 0.61931
5.30612 0.97266 0.35618 -0.82886 0.48759
5.51020 0.92588 0.47393 -0.69827 0.51547
5.71429 0.85989 0.55745 -0.53871 0.43333
5.91837 0.77917 0.49059 -0.35678 0.52426
6.12245 0.68884 0.76709 -0.16005 0.69692
6.32653 0.59415 0.59828 0.04333 0.75932
6.53061 0.50001 0.82681 0.24491 0.61134
6.73469 0.41054 0.80130 0.43632 0.46977
6.93878 0.32887 0.75941 0.60963 0.67285
7.14286 0.25704 0.68805 0.75763 0.58526
7.34694 0.19600 0.81964 0.87418 0.80170
7.55102 0.14582 0.45214 0.95446 0.53276
7.75510 0.10585 0.84368 0.99512 0.44038
7.95918 0.07496 0.77773 0.99447 0.53806
8.16327 0.05180 0.73989 0.95255 0.61491
8.36735 0.03492 0.90535 0.87110 0.68362
8.57143 0.02297 0.88361 0.75349 0.74114
8.77551 0.01474 0.79909 0.60460 0.56676
8.97959 0.00923 1.05188 0.43063 0.40273
9.18367 0.00564 1.01487 0.23878 0.44549
9.38776 0.00336 0.91713 0.03701 0.81009
9.59184 0.00195 0.93634 -0.16628 0.46454
9.79592 0.00111 1.07912 -0.36268 0.53471
10.00000 0.00061 0.93200 -0.54402 0.75060
